subjects = [10 5;
	5 2;
	7 4;
	8 2;
	6 3;
	4 2;
	8 4;
	6 2;
	7 3;
	6 5];

semesters = 2;
max_times = [20, 20];
min_points = 20;