subjects = [10 5;
	5 2;
	7 4;
	8 2;
	6 3;
	4 2;
	8 4;
	6 2;
	7 3;
	6 5;
	3 4;
	7 9;
	5 4;
	6 8;
	9 2;
	1 3;
	3 5;
	10 6;
	11 3;];

semesters = 4;
max_times = [20, 20, 20, 20];
min_points = 60;